Pos   S        dist     resnum:chain
1     0.221    5.640       1:  
2     0.000    15.000      2:  
3     0.000    15.000      3:  
4     0.000    15.000      4:  
5     0.000    15.000      5:  
6     0.000    15.000      6:  
7     0.000    15.000      7:  
8     0.058    12.109      8:  
9     0.077    10.365      9:  
10    0.124    7.972      10:  
11    0.164    6.768      11:  
12    0.241    5.330      12:  
13    0.387    3.772      13:  
14    0.475    3.154      14:  
15    0.542    2.757      15:  
16    0.524    2.857      16: 
17    0.600    2.451      17:  
18    0.655    2.176      18:  
19    0.531    2.819      19:  
20    0.587    2.517      20:  
21    0.728    1.836      21:  
22    0.696    1.982      22:  
23    0.568    2.618      23:  
24    0.663    2.138      24:  
25    0.725    1.846      25:  
26    0.685    2.036      26:  
27    0.604    2.427      27:  
28    0.717    1.885      28:  
29    0.691    2.008      29:  
30    0.627    2.316      30:  
31    0.670    2.107      31:  
32    0.658    2.164      32:  
33    0.634    2.280      33:  
34    0.627    2.314      34:  
35    0.626    2.319      35:  
36    0.574    2.584      36:  
37    0.562    2.649      37:  
38    0.581    2.548      38:  
39    0.585    2.527      39:  
40    0.560    2.660      40:  
41    0.530    2.824      41:  
42    0.571    2.600      42:  
43    0.586    2.521      43:  
44    0.560    2.659      44:  
45    0.603    2.436      45:  
46    0.711    1.912      46:  
47    0.723    1.855      47:  
48    0.727    1.840      48:  
49    0.782    1.584      49:  
50    0.830    1.357      50:  
51    0.768    1.649      51:  
52    0.722    1.861      52:  
53    0.824    1.387      53:  
54    0.928    0.834      54:  
55    0.899    1.003      55:  
56    0.886    1.076      56:  
57    0.938    0.772      57:  
58    0.989    0.311      58:  
59    0.899    1.003      59:  
60    0.823    1.389      60:  
61    0.832    1.347      61:  
62    0.813    1.439      62:  
63    0.829    1.361      63:  
64    0.748    1.739      64:  
65    0.804    1.479      65:  
66    0.840    1.307      66:  
67    0.762    1.676      67:  
68    0.790    1.545      68:  
69    0.798    1.508      69:  
70    0.715    1.894      70:  
71    0.747    1.744      71:  
72    0.821    1.401      72:  
73    0.866    1.178      73:  
74    0.846    1.280      74:  
75    0.831    1.351      75:  
76    0.848    1.272      76:  
77    0.837    1.325      77:  
78    0.806    1.473      78:  
79    0.734    1.806      79:  
80    0.729    1.831      80:  
81    0.709    1.921      81:  
82    0.712    1.908      82:  
83    0.585    2.527      83:  
84    0.499    3.005      84:  
85    0.412    3.587      85:  
86    0.461    3.243      86:  
87    0.534    2.800      87:  
88    0.559    2.666      88:  
89    0.511    2.933      89:  
90    0.620    2.348      90:  
91    0.722    1.860      91:  
92    0.673    2.093      92:  
93    0.645    2.225      93:  
94    0.749    1.735      94:  
95    0.736    1.798      95:  
96    0.794    1.528      96:  
97    0.819    1.408      97:  
98    0.932    0.812      98:  
99    0.985    0.369      99:  
100   0.951    0.682     100:  
101   1.000    0.000     101:  
102   1.000    0.000     102:  
103   1.000    0.000     103:  
104   1.000    0.000     104:  
105   1.000    0.000     105:  
106   1.000    0.000     106:  
107   1.000    0.000     107:  
108   1.000    0.000     108:  
109   1.000    0.000     109:  
110   1.000    0.000     110:  
111   1.000    0.000     111:  
112   1.000    0.000     112:  
113   1.000    0.000     113:  
114   1.000    0.000     114:  
115   1.000    0.000     115:  
116   1.000    0.000     116:  
117   1.000    0.000     117:  
118   1.000    0.000     118:  
119   1.000    0.000     119:  
120   1.000    0.000     120:  
121   0.919    0.891     121:  
122   0.799    1.503     122:  
123   0.689    2.016     123:  
124   0.708    1.926     124:  
125   0.606    2.418     125:  
126   0.558    2.671     126:  
127   0.489    3.064     127:  
128   0.512    2.927     128:  
129   0.417    3.546     129:  
130   0.540    2.771     130:  
131   0.471    3.178     131:  
132   0.487    3.078     132:  
133   0.579    2.558     133:  
134   0.793    1.533     134:  
135   0.796    1.519     135:  
136   0.693    1.996     136:  
137   0.751    1.726     137:  
138   0.821    1.399     138:  
139   0.908    0.956     139:  
140   0.901    0.996     140:  
141   1.000    0.000     141:  
142   1.000    0.000     142:  
143   1.000    0.000     143:  
144   1.000    0.000     144:  
145   1.000    0.000     145:  
146   1.000    0.000     146:  
147   1.000    0.000     147:  
148   1.000    0.000     148:  
149   1.000    0.000     149:  
150   1.000    0.000     150:  
151   1.000    0.000     151:  
152   1.000    0.000     152:  
153   1.000    0.000     153:  
154   1.000    0.000     154:  
155   1.000    0.000     155:  
156   1.000    0.000     156:  
157   0.996    0.184     157:  
158   1.000    0.000     158:  
159   1.000    0.000     159:  
160   0.915    0.917     160:  
161   0.961    0.600     161:  
162   0.936    0.788     162:  
163   0.912    0.935     163:  
164   0.884    1.085     164:  
165   0.864    1.191     165:  
166   0.882    1.098     166:  
167   0.877    1.126     167:  
168   0.800    1.501     168:  
169   0.758    1.695     169:  
170   0.760    1.684     170:  
171   0.772    1.631     171:  
172   0.816    1.425     172:  
173   0.799    1.505     173:  
174   0.821    1.401     174:  
175   0.861    1.204     175:  
176   0.930    0.824     176:  
177   0.866    1.178     177:  
178   0.792    1.538     178:  
179   0.798    1.510     179:  
180   0.790    1.547     180:  
181   0.797    1.514     181:  
182   0.789    1.553     182:  
183   0.696    1.983     183:  
184   0.715    1.895     184:  
185   0.663    2.139     185:  
186   0.684    2.040     186:  
187   0.705    1.940     187:  
188   0.688    2.020     188:  
189   0.687    2.025     189:  
190   0.703    1.949     190:  
191   0.751    1.730     191:  
192   0.766    1.657     192:  
193   0.737    1.794     193:  
194   0.780    1.591     194:  
195   0.829    1.363     195:  
196   0.796    1.517     196:  
197   0.847    1.276     197:  
198   0.878    1.118     198:  
199   0.918    0.899     199:  
200   0.910    0.941     200:  
201   0.949    0.698     201:  
202   0.976    0.474     202:  
203   0.927    0.843     203:  
204   0.918    0.894     204:  
205   0.898    1.013     205:  
206   1.000    0.000     206:  
207   1.000    0.000     207:  
208   1.000    0.000     208:  
209   0.991    0.292     209:  
210   0.987    0.351     210:  
211   0.964    0.579     211:  
212   0.971    0.515     212:  
213   0.942    0.743     213:  
214   0.927    0.843     214:  
215   0.876    1.130     215:  
216   0.855    1.234     216:  
217   0.851    1.254     217:  
218   0.841    1.306     218:  
219   0.766    1.660     219:  
220   0.753    1.718     220:  
221   0.695    1.988     221:  
222   0.570    2.607     222:  
223   0.562    2.649     223:  
224   0.560    2.660     224:  
225   0.489    3.065     225:  
226   0.452    3.306     226:  
227   0.348    4.103     227:  
228   0.265    4.995     228:  
229   0.249    5.211     229:  
230   0.308    4.501     230:  
231   0.345    4.136     231:  
232   0.316    4.414     232:  
233   0.433    3.431     233:  
234   0.509    2.946     234:  
235   0.455    3.284     235:  
236   0.436    3.411     236:  
237   0.485    3.093     237:  
238   0.583    2.537     238:  
239   0.480    3.120     239:  
240   0.417    3.549     240:  
241   0.448    3.331     241:  
242   0.472    3.174     242:  
243   0.416    3.556     243:  
244   0.429    3.463     244:  
245   0.452    3.303     245:  
246   0.448    3.330     246:  
247   0.408    3.612     247:  
248   0.494    3.036     248:  
249   0.492    3.047     249:  
250   0.457    3.270     250:  
251   0.427    3.476     251:  
252   0.426    3.482     252:  
253   0.398    3.693     253:  
254   0.477    3.143     254:  
255   0.465    3.219     255:  
256   0.540    2.772     256:  
257   0.617    2.366     257:  
258   0.631    2.296     258:  
259   0.629    2.303     259:  
260   0.733    1.809     260:  
261   0.789    1.551     261:  
262   0.784    1.577     262:  
263   0.748    1.741     263:  
264   0.820    1.407     264:  
265   0.799    1.506     265:  
266   0.760    1.688     266:  
267   0.825    1.383     267:  
268   0.859    1.217     268:  
269   0.818    1.417     269:  
270   0.721    1.865     270:  
271   0.876    1.131     271:  
272   0.898    1.011     272:  
273   0.848    1.272     273:  
274   0.812    1.445     274:  
275   0.861    1.207     275:  
276   0.836    1.329     276:  
277   0.771    1.636     277:  
278   0.802    1.490     278:  
279   0.786    1.565     279:  
280   0.836    1.328     280:  
281   0.823    1.390     281:  
282   0.792    1.538     282:  
283   0.782    1.582     283:  
284   0.836    1.328     284:  
285   0.750    1.734     285:  
286   0.635    2.275     286:  
287   0.591    2.494     287:  
288   0.657    2.168     288:  
289   0.611    2.396     289:  
290   0.654    2.183     290:  
291   0.666    2.126     291:  
292   0.734    1.805     292:  
293   0.744    1.761     293:  
294   0.770    1.640     294:  
295   0.760    1.686     295:  
296   0.732    1.813     296:  
297   0.687    2.027     297:  
298   0.652    2.193     298:  
299   0.695    1.987     299:  
300   0.592    2.489     300:  
301   0.586    2.522     301:  
302   0.682    2.047     302:  
303   0.728    1.836     303:  
304   0.643    2.235     304:  
305   0.612    2.388     305:  
306   0.435    3.416     306:  
307   0.501    2.995     307:  
308   0.500    2.998     308:  
309   0.520    2.880     309:  
310   0.442    3.372     310:  
311   0.347    4.117     311:  
312   0.460    3.250     312:  
313   0.533    2.810     313:  
314   0.614    2.378     314:  
315   0.702    1.957     315:  
316   0.783    1.578     316:  
317   0.853    1.248     317:  
318   0.809    1.456     318:  
319   0.952    0.676     319:  
320   0.991    0.286     320:  
321   1.000    0.000     321:  
322   1.000    0.000     322:  
323   1.000    0.000     323:  
324   1.000    0.000     324:  
325   1.000    0.000     325:  
326   1.000    0.000     326:  
327   1.000    0.000     327:  
328   1.000    0.000     328:  
329   1.000    0.000     329:  
330   1.000    0.000     330:  
331   1.000    0.000     331:  
332   1.000    0.000     332:  
333   1.000    0.000     333:  
334   1.000    0.000     334:  
335   1.000    0.000     335:  
336   0.992    0.264     336:  
337   1.000    0.000     337:  
338   1.000    0.000     338:  
339   1.000    0.000     339:  
340   1.000    0.000     340:  
341   0.959    0.619     341:  
342   1.000    0.000     342:  
343   0.985    0.369     343:  
344   0.950    0.685     344:  
345   0.993    0.247     345:  
346   0.985    0.364     346:  
347   0.969    0.539     347:  
348   0.896    1.023     348:  
349   0.859    1.215     349:  
350   0.888    1.063     350:  
351   0.849    1.264     351:  
352   0.898    1.014     352:  
353   0.923    0.868     353:  
354   0.939    0.763     354:  
355   0.927    0.840     355:  
356   0.921    0.877     356:  
357   0.892    1.044     357:  
358   0.965    0.575     358:  
359   0.936    0.787     359:  
360   0.890    1.055     360:  
361   0.892    1.044     361:  
362   0.994    0.225     362:  
363   1.000    0.000     363:  
364   0.860    1.211     364:  
365   0.920    0.885     365:  
366   0.947    0.711     366:  
367   0.998    0.147     367:  
368   1.000    0.000     368:  
369   0.994    0.237     369:  
370   1.000    0.000     370:  
371   1.000    0.000     371:  
372   1.000    0.000     372:  
373   0.967    0.552     373:  
374   0.898    1.013     374:  
375   0.826    1.379     375:  
376   0.667    2.118     376:  
377   0.640    2.252     377:  
378   0.542    2.759     378:  
379   0.483    3.106     379:  
380   0.342    4.157     380:  
381   0.343    4.147     381:  
382   0.299    4.590     382:  
383   0.334    4.241     383:  
384   0.359    4.008     384:  
385   0.333    4.246     385:  
386   0.229    5.512     386:  
387   0.297    4.612     387:  
388   0.348    4.108     388:  
389   0.339    4.191     389:  
390   0.339    4.185     390:  
391   0.433    3.435     391:  
392   0.512    2.930     392:  
393   0.575    2.577     393:  
394   0.640    2.248     394:  
395   0.743    1.764     395:  
396   0.797    1.515     396:  
397   0.780    1.594     397:  
398   0.739    1.782     398:  
399   0.757    1.700     399:  
400   0.780    1.594     400:  
401   0.781    1.590     401:  
402   0.746    1.752     402:  
403   0.815    1.427     403:  
404   0.752    1.723     404:  
405   0.795    1.524     405:  
406   0.716    1.892     406:  
407   0.738    1.790     407:  
408   0.665    2.130     408:  
409   0.784    1.576     409:  
410   0.802    1.490     410:  
411   0.782    1.584     411:  
412   0.761    1.681     412:  
413   0.830    1.357     413:  
414   0.789    1.551     414:  
415   0.792    1.537     415:  
416   0.829    1.363     416:  
417   0.841    1.306     417:  
418   0.826    1.375     418:  
419   0.909    0.949     419:  
420   0.963    0.588     420:  
421   1.000    0.040     421:  
422   1.000    0.000     422:  
423   1.000    0.000     423:  
424   1.000    0.000     424:  
425   1.000    0.000     425:  
426   1.000    0.000     426:  
427   1.000    0.000     427:  
428   1.000    0.000     428:  
429   1.000    0.000     429:  
430   1.000    0.000     430:  
431   0.983    0.394     431:  
432   0.938    0.774     432:  
433   0.888    1.064     433:  
434   0.834    1.337     434:  
435   0.851    1.255     435:  
436   0.810    1.455     436:  
437   0.805    1.478     437:  
438   0.713    1.902     438:  
439   0.603    2.436     439:  
440   0.507    2.959     440:  
441   0.408    3.617     441:  
442   0.458    3.262     442:  
443   0.462    3.238     443:  
444   0.536    2.792     444:  
445   0.505    2.971     445:  
446   0.668    2.114     446:  
447   0.684    2.038     447:  
448   0.586    2.522     448:  
449   0.608    2.409     449:  
450   0.664    2.133     450:  
451   0.728    1.834     451:  
452   0.695    1.989     452:  
453   0.586    2.523     453:  
454   0.665    2.127     454:  
455   0.649    2.206     455:  
456   0.701    1.961     456:  
457   0.590    2.500     457:  
458   0.618    2.361     458:  
459   0.623    2.331     459:  
460   0.629    2.304     460:  
461   0.676    2.079     461:  
462   0.715    1.895     462:  
463   0.640    2.250     463:  
464   0.628    2.310     464:  
465   0.674    2.086     465:  
466   0.645    2.228     466:  
467   0.516    2.903     467:  
468   0.577    2.568     468:  
469   0.581    2.550     469:  
470   0.679    2.061     470:  
471   0.662    2.144     471:  
472   0.699    1.968     472:  
473   0.705    1.941     473:  
474   0.781    1.589     474:  
475   0.788    1.556     475:  
476   0.782    1.585     476:  
477   0.850    1.261     477:  
478   0.828    1.370     478:  
479   0.879    1.115     479:  
480   0.863    1.196     480:  
481   0.904    0.979     481:  
482   0.972    0.510     482:  
483   0.989    0.322     483:  
484   0.941    0.754     484:  
485   0.980    0.424     485:  
486   0.983    0.396     486:  
487   0.990    0.298     487:  
488   0.983    0.397     488:  
489   1.000    0.000     489:  
490   0.929    0.827     490:  
491   0.902    0.988     491:  
492   0.958    0.628     492:  
493   0.961    0.602     493:  
494   0.940    0.756     494:  
495   1.000    0.000     495:  
496   0.984    0.379     496:  
497   0.905    0.974     497:  
498   0.844    1.289     498:  
499   0.885    1.083     499:  
500   0.863    1.195     500:  
501   0.735    1.803     501:  
502   0.678    2.069     502:  
503   0.653    2.189     503:  
504   0.670    2.106     504:  
505   0.672    2.095     505:  
506   0.601    2.443     506:  
507   0.507    2.956     507:  
508   0.470    3.183     508:  
509   0.527    2.840     509:  
510   0.471    3.177     510:  
511   0.371    3.906     511:  
512   0.327    4.305     512:  
513   0.295    4.638     513:  
514   0.318    4.391     514:  
515   0.324    4.331     515:  
516   0.349    4.098     516:  
517   0.325    4.327     517:  
518   0.352    4.069     518:  
519   0.359    4.011     519:  
520   0.384    3.802     520:  
521   0.505    2.967     521:  
522   0.469    3.192     522:  
523   0.297    4.616     523:  
524   0.273    4.896     524:  
525   0.304    4.541     525:  
526   0.359    4.013     526:  
527   0.451    3.313     527:  
528   0.440    3.382     528:  
529   0.386    3.781     529:  
530   0.467    3.207     530:  
531   0.468    3.196     531:  
532   0.447    3.336     532:  
533   0.371    3.908     533:  
534   0.341    4.174     534:  
535   0.258    5.082     535:  
536   0.201    5.978     536:  
537   0.264    5.006     537:  
