Pos   S        dist     resnum:chain
1     0.248    5.231       1:   
2     0.084    9.905       2:   
3     0.080    10.159      3:   
4     0.060    11.862      4:   
5     0.084    9.903       5:   
6     0.109    8.574       6:   
7     0.112    8.429       7:   
8     0.188    6.240       8:   
9     0.204    5.929       9:   
10    0.252    5.167      10:   
11    0.294    4.650      11:   
12    0.339    4.192      12:   
13    0.523    2.866      13:   
14    0.618    2.358      14:   
15    0.649    2.207      15:   
16    0.628    2.309      16:   
17    0.700    1.965      17:   
18    0.730    1.825      18:   
19    0.607    2.414      19:   
20    0.658    2.164      20:   
21    0.801    1.494      21:   
22    0.772    1.631      22:   
23    0.680    2.060      23:   
24    0.759    1.689      24:   
25    0.814    1.434      25:   
26    0.763    1.673      26:   
27    0.654    2.183      27:   
28    0.760    1.684      28:   
29    0.752    1.724      29:   
30    0.686    2.031      30:   
31    0.722    1.863      31:   
32    0.740    1.777      32:   
33    0.721    1.867      33:   
34    0.679    2.062      34:   
35    0.697    1.979      35:   
36    0.626    2.320      36:   
37    0.607    2.413      37:   
38    0.599    2.454      38:   
39    0.631    2.295      39:   
40    0.583    2.536      40:   
41    0.554    2.694      41:   
42    0.576    2.572      42:   
43    0.569    2.611      43:   
44    0.517    2.901      44:   
45    0.548    2.726      45:   
46    0.662    2.142      46:   
47    0.692    2.002      47:   
48    0.697    1.977      48:   
49    0.750    1.732      49:   
50    0.824    1.385      50:   
51    0.776    1.614      51:   
52    0.723    1.856      52:   
53    0.809    1.459      53:   
54    0.918    0.896      54:   
55    0.882    1.098      55:   
56    0.859    1.214      56:   
57    0.910    0.942      57:   
58    0.979    0.444      58:   
59    0.883    1.091      59:   
60    0.816    1.426      60:   
61    0.808    1.464      61:   
62    0.789    1.552      62:   
63    0.811    1.447      63:   
64    0.722    1.860      64:   
65    0.802    1.491      65:   
66    0.850    1.262      66:   
67    0.773    1.627      67:   
68    0.801    1.494      68:   
69    0.805    1.478      69:   
70    0.722    1.863      70:   
71    0.716    1.887      71:   
72    0.780    1.593      72:   
73    0.822    1.396      73:   
74    0.795    1.525      74:   
75    0.808    1.462      75:   
76    0.812    1.442      76:   
77    0.800    1.498      77:   
78    0.797    1.513      78:   
79    0.747    1.746      79:   
80    0.740    1.778      80:   
81    0.752    1.724      81:   
82    0.745    1.753      82:   
83    0.619    2.352      83:   
84    0.523    2.868      84:   
85    0.449    3.325      85:   
86    0.460    3.251      86:   
87    0.530    2.826      87:   
88    0.597    2.463      88:   
89    0.579    2.558      89:   
90    0.689    2.016      90:   
91    0.781    1.590      91:   
92    0.765    1.661      92:   
93    0.762    1.676      93:   
94    0.852    1.250      94:   
95    0.817    1.421      95:   
96    0.844    1.291      96:   
97    0.860    1.213      97:   
98    0.950    0.689      98:   
99    1.000    0.000      99:   
100   0.973    0.501     100:   
101   1.000    0.000     101:   
102   1.000    0.000     102:   
103   1.000    0.000     103:   
104   1.000    0.000     104:   
105   1.000    0.000     105:   
106   1.000    0.000     106:   
107   1.000    0.000     107:   
108   1.000    0.000     108:   
109   1.000    0.000     109:   
110   1.000    0.000     110:   
111   1.000    0.000     111:   
112   1.000    0.000     112:   
113   1.000    0.000     113:   
114   1.000    0.000     114:   
115   1.000    0.000     115:   
116   1.000    0.000     116:   
117   1.000    0.000     117:   
118   1.000    0.000     118:   
119   1.000    0.000     119:   
120   1.000    0.000     120:   
121   0.934    0.799     121:   
122   0.836    1.329     122:   
123   0.699    1.968     123:   
124   0.713    1.904     124:   
125   0.614    2.379     125:   
126   0.569    2.611     126:   
127   0.459    3.259     127:   
128   0.481    3.113     128:   
129   0.390    3.752     129:   
130   0.522    2.869     130:   
131   0.442    3.372     131:   
132   0.456    3.274     132:   
133   0.547    2.728     133:   
134   0.749    1.736     134:   
135   0.765    1.662     135:   
136   0.631    2.293     136:   
137   0.695    1.985     137:   
138   0.782    1.584     138:   
139   0.867    1.176     139:   
140   0.859    1.215     140:   
141   0.978    0.455     141:   
142   0.983    0.395     142:   
143   1.000    0.000     143:   
144   1.000    0.000     144:   
145   0.971    0.522     145:   
146   1.000    0.000     146:   
147   1.000    0.000     147:   
148   1.000    0.000     148:   
149   1.000    0.000     149:   
150   0.998    0.135     150:   
151   1.000    0.000     151:   
152   1.000    0.000     152:   
153   1.000    0.000     153:   
154   1.000    0.000     154:   
155   1.000    0.000     155:   
156   1.000    0.000     156:   
157   0.991    0.291     157:   
158   1.000    0.000     158:   
159   1.000    0.000     159:   
160   0.959    0.622     160:   
161   0.995    0.214     161:   
162   0.982    0.410     162:   
163   0.951    0.679     163:   
164   0.925    0.857     164:   
165   0.898    1.012     165:   
166   0.912    0.933     166:   
167   0.907    0.962     167:   
168   0.816    1.423     168:   
169   0.775    1.615     169:   
170   0.789    1.550     170:   
171   0.792    1.536     171:   
172   0.837    1.324     172:   
173   0.792    1.536     173:   
174   0.835    1.335     174:   
175   0.879    1.113     175:   
176   0.934    0.800     176:   
177   0.839    1.315     177:   
178   0.807    1.468     178:   
179   0.759    1.692     179:   
180   0.769    1.642     180:   
181   0.757    1.698     181:   
182   0.783    1.581     182:   
183   0.654    2.183     183:   
184   0.718    1.879     184:   
185   0.654    2.184     185:   
186   0.686    2.029     186:   
187   0.696    1.984     187:   
188   0.670    2.106     188:   
189   0.676    2.076     189:   
190   0.708    1.924     190:   
191   0.752    1.724     191:   
192   0.769    1.645     192:   
193   0.743    1.763     193:   
194   0.793    1.531     194:   
195   0.831    1.352     195:   
196   0.814    1.433     196:   
197   0.873    1.143     197:   
198   0.905    0.974     198:   
199   0.949    0.699     199:   
200   0.942    0.745     200:   
201   0.969    0.532     201:   
202   1.000    0.000     202:   
203   0.969    0.538     203:   
204   0.963    0.589     204:   
205   0.949    0.692     205:   
206   1.000    0.000     206:   
207   1.000    0.000     207:   
208   1.000    0.000     208:   
209   1.000    0.000     209:   
210   1.000    0.000     210:   
211   1.000    0.000     211:   
212   1.000    0.000     212:   
213   1.000    0.000     213:   
214   1.000    0.000     214:   
215   1.000    0.000     215:   
216   0.968    0.549     216:   
217   0.962    0.599     217:   
218   0.948    0.703     218:   
219   0.912    0.934     219:   
220   0.873    1.144     220:   
221   0.811    1.448     221:   
222   0.734    1.807     222:   
223   0.720    1.870     223:   
224   0.659    2.158     224:   
225   0.626    2.317     225:   
226   0.525    2.853     226:   
227   0.469    3.190     227:   
228   0.339    4.190     228:   
229   0.335    4.231     229:   
230   0.303    4.545     230:   
231   0.366    3.947     231:   
232   0.346    4.127     232:   
233   0.454    3.291     233:   
234   0.497    3.015     234:   
235   0.467    3.206     235:   
236   0.440    3.382     236:   
237   0.527    2.841     237:   
238   0.609    2.403     238:   
239   0.521    2.878     239:   
240   0.495    3.028     240:   
241   0.580    2.552     241:   
242   0.626    2.320     242:   
243   0.539    2.776     243:   
244   0.585    2.525     244:   
245   0.630    2.300     245:   
246   0.608    2.410     246:   
247   0.616    2.368     247:   
248   0.677    2.071     248:   
249   0.688    2.018     249:   
250   0.635    2.273     250:   
251   0.578    2.563     251:   
252   0.608    2.411     252:   
253   0.561    2.652     253:   
254   0.612    2.390     254:   
255   0.624    2.331     255:   
256   0.692    2.000     256:   
257   0.755    1.711     257:   
258   0.720    1.869     258:   
259   0.706    1.937     259:   
260   0.765    1.661     260:   
261   0.781    1.587     261:   
262   0.762    1.676     262:   
263   0.686    2.028     263:   
264   0.795    1.525     264:   
265   0.772    1.632     265:   
266   0.740    1.779     266:   
267   0.805    1.476     267:   
268   0.839    1.313     268:   
269   0.780    1.592     269:   
270   0.682    2.050     270:   
271   0.868    1.172     271:   
272   0.893    1.038     272:   
273   0.824    1.388     273:   
274   0.810    1.451     274:   
275   0.845    1.284     275:   
276   0.824    1.384     276:   
277   0.758    1.696     277:   
278   0.790    1.546     278:   
279   0.777    1.607     279:   
280   0.858    1.220     280:   
281   0.859    1.217     281:   
282   0.831    1.355     282:   
283   0.825    1.383     283:   
284   0.868    1.171     284:   
285   0.783    1.581     285:   
286   0.673    2.089     286:   
287   0.628    2.307     287:   
288   0.692    2.003     288:   
289   0.644    2.231     289:   
290   0.678    2.066     290:   
291   0.694    1.993     291:   
292   0.746    1.750     292:   
293   0.758    1.696     293:   
294   0.793    1.535     294:   
295   0.765    1.664     295:   
296   0.734    1.806     296:   
297   0.666    2.126     297:   
298   0.634    2.279     298:   
299   0.662    2.142     299:   
300   0.557    2.678     300:   
301   0.552    2.704     301:   
302   0.649    2.208     302:   
303   0.711    1.913     303:   
304   0.625    2.324     304:   
305   0.621    2.344     305:   
306   0.422    3.512     306:   
307   0.483    3.106     307:   
308   0.493    3.043     308:   
309   0.515    2.908     309:   
310   0.444    3.358     310:   
311   0.340    4.180     311:   
312   0.456    3.275     312:   
313   0.519    2.891     313:   
314   0.608    2.411     314:   
315   0.692    2.003     315:   
316   0.792    1.538     316:   
317   0.867    1.173     317:   
318   0.846    1.278     318:   
319   0.983    0.393     319:   
320   1.000    0.000     320:   
321   1.000    0.000     321:   
322   1.000    0.000     322:   
323   1.000    0.000     323:   
324   1.000    0.000     324:   
325   1.000    0.000     325:   
326   1.000    0.000     326:   
327   1.000    0.000     327:   
328   1.000    0.000     328:   
329   1.000    0.000     329:   
330   1.000    0.000     330:   
331   1.000    0.000     331:   
332   1.000    0.000     332:   
333   1.000    0.000     333:   
334   1.000    0.000     334:   
335   1.000    0.000     335:   
336   1.000    0.000     336:   
337   1.000    0.000     337:   
338   1.000    0.000     338:   
339   1.000    0.000     339:   
340   1.000    0.000     340:   
341   1.000    0.000     341:   
342   1.000    0.000     342:   
343   1.000    0.000     343:   
344   0.962    0.595     344:   
345   1.000    0.000     345:   
346   0.976    0.467     346:   
347   0.961    0.605     347:   
348   0.863    1.194     348:   
349   0.827    1.372     349:   
350   0.838    1.319     350:   
351   0.791    1.540     351:   
352   0.841    1.305     352:   
353   0.878    1.119     353:   
354   0.894    1.033     354:   
355   0.883    1.094     355:   
356   0.891    1.048     356:   
357   0.867    1.176     357:   
358   0.935    0.790     358:   
359   0.916    0.907     359:   
360   0.883    1.092     360:   
361   0.890    1.053     361:   
362   0.975    0.481     362:   
363   1.000    0.000     363:   
364   0.879    1.112     364:   
365   0.943    0.738     365:   
366   0.975    0.481     366:   
367   1.000    0.000     367:   
368   1.000    0.000     368:   
369   0.992    0.276     369:   
370   1.000    0.000     370:   
371   1.000    0.000     371:   
372   1.000    0.000     372:   
373   0.978    0.446     373:   
374   0.902    0.990     374:   
375   0.815    1.432     375:   
376   0.677    2.074     376:   
377   0.656    2.171     377:   
378   0.529    2.829     378:   
379   0.465    3.220     379:   
380   0.320    4.374     380:   
381   0.353    4.065     381:   
382   0.279    4.828     382:   
383   0.306    4.521     383:   
384   0.359    4.008     384:   
385   0.318    4.391     385:   
386   0.227    5.536     386:   
387   0.285    4.749     387:   
388   0.345    4.129     388:   
389   0.367    3.938     389:   
390   0.374    3.880     390:   
391   0.478    3.136     391:   
392   0.525    2.853     392:   
393   0.573    2.591     393:   
394   0.636    2.271     394:   
395   0.719    1.875     395:   
396   0.784    1.572     396:   
397   0.752    1.721     397:   
398   0.715    1.895     398:   
399   0.749    1.735     399:   
400   0.777    1.609     400:   
401   0.786    1.567     401:   
402   0.740    1.778     402:   
403   0.815    1.431     403:   
404   0.746    1.749     404:   
405   0.758    1.696     405:   
406   0.703    1.950     406:   
407   0.724    1.854     407:   
408   0.664    2.132     408:   
409   0.770    1.641     409:   
410   0.775    1.618     410:   
411   0.745    1.755     411:   
412   0.705    1.940     412:   
413   0.785    1.568     413:   
414   0.734    1.805     414:   
415   0.725    1.846     415:   
416   0.785    1.571     416:   
417   0.797    1.515     417:   
418   0.788    1.557     418:   
419   0.871    1.157     419:   
420   0.908    0.953     420:   
421   0.938    0.773     421:   
422   0.957    0.637     422:   
423   0.966    0.560     423:   
424   0.982    0.411     424:   
425   1.000    0.000     425:   
426   1.000    0.000     426:   
427   1.000    0.000     427:   
428   1.000    0.000     428:   
429   1.000    0.000     429:   
430   0.962    0.599     430:   
431   0.956    0.641     431:   
432   0.916    0.909     432:   
433   0.864    1.188     433:   
434   0.808    1.461     434:   
435   0.859    1.217     435:   
436   0.794    1.526     436:   
437   0.786    1.563     437:   
438   0.652    2.194     438:   
439   0.552    2.704     439:   
440   0.458    3.266     440:   
441   0.367    3.936     441:   
442   0.414    3.566     442:   
443   0.386    3.786     443:   
444   0.505    2.971     444:   
445   0.505    2.969     445:   
446   0.686    2.027     446:   
447   0.710    1.915     447:   
448   0.638    2.262     448:   
449   0.681    2.051     449:   
450   0.743    1.764     450:   
451   0.824    1.388     451:   
452   0.792    1.535     452:   
453   0.682    2.048     453:   
454   0.756    1.706     454:   
455   0.763    1.671     455:   
456   0.818    1.413     456:   
457   0.682    2.047     457:   
458   0.708    1.928     458:   
459   0.724    1.852     459:   
460   0.699    1.970     460:   
461   0.749    1.737     461:   
462   0.772    1.629     462:   
463   0.702    1.956     463:   
464   0.667    2.118     464:   
465   0.732    1.815     465:   
466   0.741    1.775     466:   
467   0.650    2.203     467:   
468   0.688    2.021     468:   
469   0.689    2.016     469:   
470   0.775    1.618     470:   
471   0.728    1.835     471:   
472   0.735    1.801     472:   
473   0.750    1.730     473:   
474   0.846    1.281     474:   
475   0.853    1.243     475:   
476   0.815    1.429     476:   
477   0.872    1.152     477:   
478   0.852    1.250     478:   
479   0.895    1.028     479:   
480   0.879    1.111     480:   
481   0.921    0.878     481:   
482   0.992    0.277     482:   
483   1.000    0.000     483:   
484   0.962    0.593     484:   
485   1.000    0.000     485:   
486   0.996    0.193     486:   
487   0.982    0.407     487:   
488   0.980    0.428     488:   
489   1.000    0.000     489:   
490   0.913    0.925     490:   
491   0.881    1.102     491:   
492   0.922    0.871     492:   
493   0.907    0.958     493:   
494   0.885    1.081     494:   
495   0.949    0.695     495:   
496   0.934    0.799     496:   
497   0.848    1.269     497:   
498   0.807    1.465     498:   
499   0.838    1.320     499:   
500   0.821    1.402     500:   
501   0.719    1.875     501:   
502   0.625    2.322     502:   
503   0.630    2.300     503:   
504   0.604    2.431     504:   
505   0.570    2.606     505:   
506   0.478    3.137     506:   
507   0.318    4.396     507:   
508   0.223    5.599     508:   
509   0.289    4.710     509: 
