Pos   S        dist     resnum:chain
1     0.000    15.000      1:   
2     0.000    15.000      2:   
3     0.000    15.000      3:   
4     0.000    15.000      4:   
5     0.000    15.000      5:   
6     0.000    15.000      6:   
7     0.012    15.000      7:   
8     0.078    10.320      8:   
9     0.087    9.722       9:   
10    0.164    6.761      10:   
11    0.213    5.767      11:   
12    0.276    4.864      12:   
13    0.416    3.553      13:   
14    0.537    2.786      14:   
15    0.608    2.409      15:   
16    0.588    2.511      16:   
17    0.662    2.145      17:   
18    0.689    2.014      18:   
19    0.566    2.625      19:   
20    0.639    2.257      20:   
21    0.776    1.613      21:   
22    0.730    1.825      22:   
23    0.599    2.454      23:   
24    0.660    2.152      24:   
25    0.705    1.940      25:   
26    0.670    2.104      26:   
27    0.545    2.742      27:   
28    0.635    2.276      28:   
29    0.596    2.470      29:   
30    0.528    2.837      30:   
31    0.544    2.745      31:   
32    0.567    2.619      32:   
33    0.560    2.658      33:   
34    0.555    2.686      34:   
35    0.555    2.688      35:   
36    0.512    2.931      36:   
37    0.475    3.155      37:   
38    0.487    3.080      38:   
39    0.524    2.861      39:   
40    0.489    3.065      40:   
41    0.449    3.323      41:   
42    0.485    3.091      42:   
43    0.505    2.968      43:   
44    0.485    3.089      44:   
45    0.536    2.790      45:   
46    0.649    2.205      46:   
47    0.666    2.125      47:   
48    0.679    2.061      48:   
49    0.740    1.780      49:   
50    0.805    1.478      50:   
51    0.748    1.742      51:   
52    0.710    1.917      52:   
53    0.811    1.450      53:   
54    0.905    0.973      54:   
55    0.873    1.143      55:   
56    0.857    1.224      56:   
57    0.925    0.856      57:   
58    0.993    0.246      58:   
59    0.900    1.003      59:   
60    0.809    1.458      60:   
61    0.822    1.396      61:   
62    0.803    1.487      62:   
63    0.819    1.413      63:   
64    0.712    1.909      64:   
65    0.763    1.671      65:   
66    0.801    1.497      66:   
67    0.723    1.856      67:   
68    0.759    1.689      68:   
69    0.739    1.783      69:   
70    0.648    2.213      70:   
71    0.668    2.113      71:   
72    0.729    1.829      72:   
73    0.768    1.651      73:   
74    0.757    1.699      74:   
75    0.739    1.785      75:   
76    0.760    1.685      76:   
77    0.760    1.688      77:   
78    0.759    1.690      78:   
79    0.675    2.080      79:   
80    0.673    2.093      80:   
81    0.689    2.014      81:   
82    0.655    2.176      82:   
83    0.515    2.909      83:   
84    0.418    3.541      84:   
85    0.343    4.156      85:   
86    0.382    3.819      86:   
87    0.467    3.205      87:   
88    0.532    2.815      88:   
89    0.499    3.007      89:   
90    0.613    2.382      90:   
91    0.731    1.821      91:   
92    0.721    1.865      92:   
93    0.698    1.971      93:   
94    0.804    1.480      94:   
95    0.785    1.569      95:   
96    0.832    1.349      96:   
97    0.841    1.306      97:   
98    0.950    0.685      98:   
99    0.997    0.166      99:   
100   0.956    0.644     100:   
101   1.000    0.000     101:   
102   1.000    0.000     102:   
103   1.000    0.000     103:   
104   1.000    0.000     104:   
105   1.000    0.000     105:   
106   1.000    0.000     106:   
107   1.000    0.000     107:   
108   1.000    0.000     108:   
109   1.000    0.000     109:   
110   1.000    0.000     110:   
111   1.000    0.000     111:   
112   1.000    0.000     112:   
113   1.000    0.000     113:   
114   1.000    0.000     114:   
115   1.000    0.000     115:   
116   1.000    0.000     116:   
117   1.000    0.000     117:   
118   1.000    0.000     118:   
119   1.000    0.000     119:   
120   1.000    0.000     120:   
121   0.937    0.777     121:   
122   0.812    1.443     122:   
123   0.683    2.043     123:   
124   0.701    1.960     124:   
125   0.602    2.438     125:   
126   0.556    2.681     126:   
127   0.440    3.386     127:   
128   0.462    3.238     128:   
129   0.376    3.862     129:   
130   0.515    2.911     130:   
131   0.432    3.443     131:   
132   0.437    3.407     132:   
133   0.552    2.700     133:   
134   0.758    1.694     134:   
135   0.760    1.684     135:   
136   0.634    2.277     136:   
137   0.688    2.018     137:   
138   0.772    1.629     138:   
139   0.852    1.250     139:   
140   0.848    1.271     140:   
141   0.943    0.738     141:   
142   0.945    0.721     142:   
143   1.000    0.000     143:   
144   1.000    0.000     144:   
145   0.913    0.925     145:   
146   0.971    0.515     146:   
147   0.968    0.549     147:   
148   1.000    0.000     148:   
149   1.000    0.000     149:   
150   0.983    0.390     150:   
151   1.000    0.000     151:   
152   1.000    0.000     152:   
153   1.000    0.000     153:   
154   1.000    0.000     154:   
155   1.000    0.000     155:   
156   1.000    0.000     156:   
157   0.984    0.385     157:   
158   1.000    0.000     158:   
159   1.000    0.000     159:   
160   0.933    0.805     160:   
161   0.953    0.668     161:   
162   0.906    0.964     162:   
163   0.879    1.115     163:   
164   0.830    1.359     164:   
165   0.815    1.432     165:   
166   0.826    1.375     166:   
167   0.845    1.283     167:   
168   0.756    1.705     168:   
169   0.754    1.713     169:   
170   0.752    1.723     170:   
171   0.770    1.639     171:   
172   0.829    1.364     172:   
173   0.813    1.440     173:   
174   0.818    1.415     174:   
175   0.863    1.197     175:   
176   0.934    0.795     176:   
177   0.876    1.130     177:   
178   0.797    1.514     178:   
179   0.761    1.683     179:   
180   0.760    1.685     180:   
181   0.765    1.662     181:   
182   0.765    1.664     182:   
183   0.648    2.210     183:   
184   0.688    2.021     184:   
185   0.658    2.164     185:   
186   0.715    1.895     186:   
187   0.736    1.797     187:   
188   0.733    1.811     188:   
189   0.735    1.800     189:   
190   0.745    1.757     190:   
191   0.766    1.657     191:   
192   0.787    1.562     192:   
193   0.719    1.875     193:   
194   0.793    1.531     194:   
195   0.843    1.292     195:   
196   0.800    1.498     196:   
197   0.852    1.252     197:   
198   0.898    1.013     198:   
199   0.944    0.732     199:   
200   0.944    0.731     200:   
201   0.949    0.696     201:   
202   0.970    0.525     202:   
203   0.939    0.766     203:   
204   0.954    0.657     204:   
205   0.936    0.783     205:   
206   1.000    0.000     206:   
207   1.000    0.000     207:   
208   1.000    0.000     208:   
209   1.000    0.000     209:   
210   1.000    0.000     210:   
211   0.996    0.186     211:   
212   1.000    0.000     212:   
213   0.996    0.179     213:   
214   0.979    0.441     214:   
215   0.929    0.827     215:   
216   0.909    0.948     216:   
217   0.912    0.934     217:   
218   0.904    0.980     218:   
219   0.857    1.223     219:   
220   0.821    1.401     220:   
221   0.751    1.729     221:   
222   0.675    2.083     222:   
223   0.682    2.047     223:   
224   0.649    2.206     224:   
225   0.624    2.327     225:   
226   0.569    2.611     226:   
227   0.538    2.780     227:   
228   0.427    3.477     228:   
229   0.448    3.329     229:   
230   0.433    3.431     230:   
231   0.459    3.258     231:   
232   0.448    3.329     232:   
233   0.572    2.595     233:   
234   0.653    2.186     234:   
235   0.593    2.485     235:   
236   0.558    2.669     236:   
237   0.602    2.437     237:   
238   0.678    2.070     238:   
239   0.565    2.631     239:   
240   0.498    3.013     240:   
241   0.585    2.528     241:   
242   0.632    2.289     242:   
243   0.547    2.728     243:   
244   0.587    2.517     244:   
245   0.644    2.228     245:   
246   0.600    2.451     246:   
247   0.571    2.602     247:   
248   0.618    2.359     248:   
249   0.634    2.279     249:   
250   0.572    2.594     250:   
251   0.592    2.491     251:   
252   0.570    2.607     252:   
253   0.541    2.765     253:   
254   0.631    2.292     254:   
255   0.635    2.275     255:   
256   0.694    1.993     256:   
257   0.759    1.690     257:   
258   0.756    1.703     258:   
259   0.769    1.646     259:   
260   0.826    1.376     260:   
261   0.882    1.096     261:   
262   0.854    1.241     262:   
263   0.793    1.531     263:   
264   0.873    1.142     264:   
265   0.848    1.269     265:   
266   0.796    1.518     266:   
267   0.850    1.260     267:   
268   0.884    1.086     268:   
269   0.837    1.324     269:   
270   0.721    1.866     270:   
271   0.884    1.089     271:   
272   0.892    1.044     272:   
273   0.831    1.352     273:   
274   0.817    1.419     274:   
275   0.828    1.369     275:   
276   0.804    1.482     276:   
277   0.734    1.804     277:   
278   0.755    1.711     278:   
279   0.746    1.752     279:   
280   0.816    1.424     280:   
281   0.802    1.489     281:   
282   0.797    1.512     282:   
283   0.781    1.588     283:   
284   0.834    1.336     284:   
285   0.765    1.661     285:   
286   0.688    2.018     286:   
287   0.645    2.225     287:   
288   0.701    1.957     288:   
289   0.663    2.139     289:   
290   0.688    2.019     290:   
291   0.701    1.961     291:   
292   0.753    1.718     292:   
293   0.761    1.680     293:   
294   0.781    1.588     294:   
295   0.779    1.599     295:   
296   0.767    1.653     296:   
297   0.703    1.948     297:   
298   0.672    2.095     298:   
299   0.696    1.983     299:   
300   0.591    2.497     300:   
301   0.566    2.627     301:   
302   0.684    2.040     302:   
303   0.731    1.820     303:   
304   0.648    2.209     304:   
305   0.647    2.215     305:   
306   0.453    3.299     306:   
307   0.506    2.964     307:   
308   0.513    2.920     308:   
309   0.501    2.997     309:   
310   0.434    3.425     310:   
311   0.345    4.137     311:   
312   0.465    3.217     312:   
313   0.538    2.782     313:   
314   0.601    2.446     314:   
315   0.715    1.893     315:   
316   0.790    1.545     316:   
317   0.868    1.171     317:   
318   0.836    1.329     318:   
319   0.983    0.394     319:   
320   1.000    0.000     320:   
321   1.000    0.000     321:   
322   1.000    0.000     322:   
323   1.000    0.000     323:   
324   1.000    0.000     324:   
325   1.000    0.000     325:   
326   1.000    0.000     326:   
327   1.000    0.000     327:   
328   1.000    0.000     328:   
329   1.000    0.000     329:   
330   1.000    0.000     330:   
331   1.000    0.000     331:   
332   1.000    0.000     332:   
333   1.000    0.000     333:   
334   1.000    0.000     334:   
335   1.000    0.000     335:   
336   1.000    0.000     336:   
337   1.000    0.000     337:   
338   1.000    0.000     338:   
339   1.000    0.000     339:   
340   1.000    0.000     340:   
341   0.996    0.198     341:   
342   1.000    0.000     342:   
343   1.000    0.000     343:   
344   0.992    0.262     344:   
345   1.000    0.000     345:   
346   0.992    0.265     346:   
347   0.964    0.579     347:   
348   0.868    1.170     348:   
349   0.828    1.366     349:   
350   0.843    1.293     350:   
351   0.799    1.503     351:   
352   0.859    1.216     352:   
353   0.888    1.065     353:   
354   0.936    0.783     354:   
355   0.922    0.873     355:   
356   0.928    0.836     356:   
357   0.905    0.973     357:   
358   0.974    0.487     358:   
359   0.954    0.657     359:   
360   0.913    0.926     360:   
361   0.924    0.862     361:   
362   1.000    0.000     362:   
363   1.000    0.000     363:   
364   0.870    1.161     364:   
365   0.935    0.789     365:   
366   0.962    0.599     366:   
367   1.000    0.000     367:   
368   1.000    0.000     368:   
369   0.991    0.282     369:   
370   1.000    0.000     370:   
371   1.000    0.000     371:   
372   1.000    0.000     372:   
373   0.969    0.541     373:   
374   0.887    1.071     374:   
375   0.785    1.569     375:   
376   0.641    2.246     376:   
377   0.614    2.378     377:   
378   0.487    3.081     378:   
379   0.419    3.531     379:   
380   0.270    4.927     380:   
381   0.257    5.098     381:   
382   0.205    5.913     382:   
383   0.247    5.244     383:   
384   0.286    4.743     384:   
385   0.247    5.245     385:   
386   0.187    6.253     386:   
387   0.252    5.171     387:   
388   0.299    4.592     388:   
389   0.305    4.531     389:   
390   0.327    4.303     390:   
391   0.405    3.639     391:   
392   0.473    3.165     392:   
393   0.517    2.900     393:   
394   0.578    2.564     394:   
395   0.684    2.041     395:   
396   0.760    1.686     396:   
397   0.724    1.851     397:   
398   0.688    2.022     398:   
399   0.720    1.872     399:   
400   0.745    1.757     400:   
401   0.756    1.703     401:   
402   0.737    1.791     402:   
403   0.818    1.415     403:   
404   0.741    1.776     404:   
405   0.781    1.590     405:   
406   0.707    1.930     406:   
407   0.720    1.872     407:   
408   0.654    2.183     408:   
409   0.770    1.642     409:   
410   0.767    1.652     410:   
411   0.737    1.790     411:   
412   0.720    1.873     412:   
413   0.804    1.481     413:   
414   0.750    1.734     414:   
415   0.735    1.800     415:   
416   0.766    1.656     416:   
417   0.774    1.619     417:   
418   0.746    1.748     418:   
419   0.844    1.290     419:   
420   0.901    0.994     420:   
421   0.936    0.786     421:   
422   0.970    0.530     422:   
423   0.963    0.590     423:   
424   0.983    0.395     424:   
425   0.998    0.130     425:   
426   1.000    0.000     426:   
427   1.000    0.000     427:   
428   1.000    0.000     428:   
429   0.991    0.282     429:   
430   0.970    0.527     430:   
431   0.981    0.419     431:   
432   0.945    0.725     432:   
433   0.901    0.993     433:   
434   0.840    1.307     434:   
435   0.868    1.172     435:   
436   0.804    1.483     436:   
437   0.797    1.514     437:   
438   0.677    2.070     438:   
439   0.558    2.672     439:   
440   0.451    3.307     440:   
441   0.367    3.944     441:   
442   0.413    3.574     442:   
443   0.389    3.758     443:   
444   0.497    3.018     444:   
445   0.506    2.962     445:   
446   0.688    2.019     446:   
447   0.708    1.926     447:   
448   0.652    2.191     448:   
449   0.663    2.139     449:   
450   0.711    1.914     450:   
451   0.784    1.577     451:   
452   0.736    1.798     452:   
453   0.618    2.361     453:   
454   0.699    1.966     454:   
455   0.708    1.924     455:   
456   0.765    1.661     456:   
457   0.609    2.402     457:   
458   0.638    2.262     458:   
459   0.637    2.263     459:   
460   0.627    2.313     460:   
461   0.681    2.051     461:   
462   0.705    1.940     462:   
463   0.651    2.194     463:   
464   0.629    2.302     464:   
465   0.680    2.060     465:   
466   0.673    2.092     466:   
467   0.575    2.579     467:   
468   0.619    2.355     468:   
469   0.625    2.324     469:   
470   0.698    1.974     470:   
471   0.731    1.822     471:   
472   0.704    1.943     472:   
473   0.753    1.716     473:   
474   0.816    1.424     474:   
475   0.821    1.400     475:   
476   0.798    1.509     476:   
477   0.873    1.146     477:   
478   0.833    1.344     478:   
479   0.877    1.123     479:   
480   0.845    1.284     480:   
481   0.883    1.094     481:   
482   0.940    0.759     482:   
483   0.979    0.437     483:   
484   0.921    0.881     484:   
485   0.974    0.489     485:   
486   0.976    0.468     486:   
487   0.979    0.438     487:   
488   0.958    0.630     488:   
489   1.000    0.000     489:   
490   0.883    1.092     490:   
491   0.858    1.221     491:   
492   0.885    1.079     492:   
493   0.879    1.113     493:   
494   0.858    1.222     494:   
495   0.913    0.925     495:   
496   0.878    1.119     496:   
497   0.786    1.564     497:   
498   0.743    1.765     498:   
499   0.753    1.719     499:   
500   0.717    1.885     500:   
501   0.609    2.406     501:   
502   0.554    2.694     502:   
503   0.540    2.769     503:   
504   0.542    2.757     504:   
505   0.529    2.831     505:   
506   0.451    3.313     506:   
507   0.297    4.614     507:   
508   0.254    5.137     508:   
509   0.205    5.904     509:   
510   0.261    5.047     510:   
